%YAML:1.0
---
model_type: PINHOLE
camera_name: camera
image_width: 1280
image_height: 1024
distortion_parameters:
  k1: 0
  k2: 0
  p1: 0
  p2: 0
projection_parameters:
  fx: 620.3280168394414
  fy: 621.4913785597427
  cx: 644.7209911704185
  cy: 523.730095748903