%YAML:1.0
---
model_type: PINHOLE
camera_name: camera
image_width: 1280
image_height: 1024
distortion_parameters:
  k1: 0
  k2: 0
  p1: 0
  p2: 0
projection_parameters:
  fx: 621.637755130833
  fy: 623.0989080988262
  cx: 645.6871307411143
  cy: 514.3230212556574
